/-- block1: parameters
a: 8.60610
b: 8.91160
c: 15.87030
alpha: 90
beta: 95.1410
gamma: 90
n_basket: 2


/-- block2: pbi basket 1
zpb: 15.81152,15.80140
zi: 18.94404,19.01296

/-- block3: pbi basket 2
zpb: 15.81152,15.80140
zi: 12.59996,12.66888
