/-- block1: parameters
a: 8.63100
b: 8.95450
c: 15.86480
alpha: 90
beta: 95.9401
gamma: 90
n_basket: 2


/-- block2: pbi basket 1
zpb: 15.76636,15.79287
zi: 12.63269,12.57099

/-- block3: pbi basket 2
zpb: 15.76636,15.79287
zi: 18.98824,18.92655

/-- block4: pbi basket 3
zpb: 31.54598,31.57249
zi: 34.76786,34.70616

/-- block5: pbi basket 4
zpb: 31.54598,31.57249
zi: 28.35061,28.41230