/-- block1: parameters
a: 8.63101
b: 8.95452
c: 15.86480
alpha: 90
beta: 95.9401
gamma: 90
n_basket: 2


/-- block2: pbi basket 1
zpb: 15.76636,15.79287
zi: 18.98824,18.92655

/-- block3: pbi basket 2
zpb: 15.76636,15.79287
zi: 12.63269,12.57099

