/-- block1: parameters
a: 16.97220
b: 8.87790
c: 8.67966
alpha: 90
beta: 103.3561
gamma: 90
n_basket: 2


/-- block2: pbi basket 1
zpb: 0.5
zi: 0.30710

/-- block3: pbi basket 2
zpb: 0.5
zi: 0.69290
