/--
l(Pb1-I5) =  3.15812(0) Å
l(Pb1-I5) =  3.18123(0) Å
l(Pb1-I3) =  3.14604(0) Å
l(Pb1-I2) =  3.24117(0) Å
l(Pb1-I1) =  3.18697(0) Å
l(Pb1-I1) =  3.19638(0) Å

/--
l(Pb1-I1) =  3.19638(0) Å
l(Pb1-I2) =  3.24117(0) Å
l(Pb1-I1) =  3.18697(0) Å
l(Pb1-I5) =  3.18123(0) Å
l(Pb1-I3) =  3.14604(0) Å
l(Pb1-I5) =  3.15812(0) Å
