/-- oct 1
l(Pb3-I1) =  3.15030(0) Å
l(Pb3-I4) =  3.20109(0) Å
l(Pb3-I1) =  3.15036(0) Å
l(Pb3-I4) =  3.20087(0) Å
l(Pb3-I3) =  3.17048(0) Å
l(Pb3-I3) =  3.17139(0) Å

/-- oct 2
l(Pb1-I3) =  3.17004(0) Å
l(Pb1-I1) =  3.14858(0) Å
l(Pb1-I2) =  3.20333(0) Å
l(Pb1-I2) =  3.20355(0) Å
l(Pb1-I1) =  3.14925(0) Å
l(Pb1-I3) =  3.17049(0) Å
