/-- block1: parameters
a: 8.79350
b: 9.39130
c: 14.64280
alpha: 90
beta: 100.0930
gamma: 90
n_basket: 2


/-- block2: pbi basket 1
zpb: 1.0
zi: 1.22039

/-- block3: pbi basket 2
zpb: 1.0
zi: 0.77961
