/-- block1: parameters
a: 33.32560
b: 8.64530
c: 8.71790
alpha: 90
beta: 93.0020
gamma: 90
n_basket: 2


/-- block2: pbi basket 1
zpb: 0.75
zi: 0.84627

/-- block3: pbi basket 2
zpb: 0.75
zi: 0.65373

/-- block4: pbi basket 3
zpb: 0.25
zi: 0.34627

/-- block5: pbi basket 4
zpb: 0.25
zi: 0.15373