/-- block1: parameters
a: 16.72300
b: 8.63320
c: 8.80000
alpha: 90
beta: 98.7810
gamma: 90
n_basket: 2


/-- block2: pbi basket 1
zpb: 0
zi: 0.19457

/-- block3: pbi basket 2
zpb: 1.0
zi: 0.80543
