/-- block1: parameters
a: 12.33530
b: 12.22060
c: 32.23710
alpha: 90
beta: 94.2960
gamma: 90
n_basket: 4 


/-- block2: pbi basket 1
zpb: 16.08355,16.08966,16.08355,16.08966
zi: 19.27184,19.28374,19.27184,19.28374

/-- block3: pbi basket 2
zpb: 16.08355,16.08966
zi: 12.87147,12.88079

/-- block4: pbi basket 3
zpb: 0.01639,0.01029
zi: 3.21047,3.19858

/-- block5: pbi basket 4
zpb: 0.01639,0.01029
zi: -3.19247,-3.20179