
Sbas = 34.28214403860913, zdiff = 3.172040000000001, stheta = 0.9959771989740486
Vbas = 108.30688 

Sbas = 34.28214403860913, zdiff = 3.172040000000001, stheta = 0.9959771989740486
Vbas = 108.30688 


Average Volume of PbI basket: 108.30688