
Sbas = 33.53813212246485, zdiff = 3.212928866, stheta = 0.9994559873895001
Vbas = 107.69701 

Sbas = 33.53813212246485, zdiff = 3.212928866, stheta = 0.9994559873895001
Vbas = 107.69701 

Sbas = 33.53813212246485, zdiff = 3.212928866, stheta = 0.9994559873895001
Vbas = 107.69701 

Sbas = 33.53813212246485, zdiff = 3.212928866, stheta = 0.9994559873895001
Vbas = 107.69701 


Average Volume of PbI basket: 107.69701