
Sbas = 34.530122388712854, zdiff = 3.1719299999999997, stheta = 0.9952973121620332
Vbas = 109.01206 

Sbas = 34.530122388712854, zdiff = 3.1719350000000013, stheta = 0.9952973121620332
Vbas = 109.01223 


Average Volume of PbI basket: 109.01215