
Sbas = 38.62444212, zdiff = 3.1719299999999997, stheta = 0.9952973121620332
Vbas = 121.93788 

Sbas = 38.62444212, zdiff = 3.1719350000000013, stheta = 0.9952973121620332
Vbas = 121.93807 


Average Volume of PbI basket: 121.93798