
Sbas = 37.51482918, zdiff = 3.212928866, stheta = 0.9994559873895001
Vbas = 120.46691 

Sbas = 37.51482918, zdiff = 3.212928866, stheta = 0.9994559873895001
Vbas = 120.46691 

Sbas = 37.51482918, zdiff = 3.212928866, stheta = 0.9994559873895001
Vbas = 120.46691 

Sbas = 37.51482918, zdiff = 3.212928866, stheta = 0.9994559873895001
Vbas = 120.46691 


Average Volume of PbI basket: 120.46691