
Sbas = 34.258117538556135, zdiff = 3.1775199999999995, stheta = 0.9953928521128385
Vbas = 108.35434 

Sbas = 34.258117538556135, zdiff = 3.1775199999999995, stheta = 0.9953928521128385
Vbas = 108.35434 


Average Volume of PbI basket: 108.35434