
Sbas = 33.68975507857732, zdiff = 3.208255511999999, stheta = 0.9986277072766672
Vbas = 107.93702 

Sbas = 33.68975507857732, zdiff = 3.208255511999999, stheta = 0.9986277072766672
Vbas = 107.93702 

Sbas = 33.68975507857732, zdiff = 3.208255512000001, stheta = 0.9986277072766672
Vbas = 107.93702 

Sbas = 33.68975507857732, zdiff = 3.208255512, stheta = 0.9986277072766672
Vbas = 107.93702 


Average Volume of PbI basket: 107.93702