
Sbas = 37.684430435, zdiff = 3.208255511999999, stheta = 0.9986277072766672
Vbas = 120.73537 

Sbas = 37.684430435, zdiff = 3.208255511999999, stheta = 0.9986277072766672
Vbas = 120.73537 

Sbas = 37.684430435, zdiff = 3.208255512000001, stheta = 0.9986277072766672
Vbas = 120.73537 

Sbas = 37.684430435, zdiff = 3.208255512, stheta = 0.9986277072766672
Vbas = 120.73537 


Average Volume of PbI basket: 120.73537