
Sbas = 34.54695966494047, zdiff = 3.1777799999999985, stheta = 0.9946306313711247
Vbas = 109.19317 

Sbas = 34.54695966494047, zdiff = 3.1777750000000005, stheta = 0.9946306313711247
Vbas = 109.19300 


Average Volume of PbI basket: 109.19309