
Sbas = 34.39079781839276, zdiff = 3.1783949999999983, stheta = 0.9950156202865283
Vbas = 108.76271 

Sbas = 34.39079781839276, zdiff = 3.1783949999999983, stheta = 0.9950156202865283
Vbas = 108.76271 


Average Volume of PbI basket: 108.76271