
Sbas = 38.320184999999995, zdiff = 3.1775199999999995, stheta = 0.9953928521128385
Vbas = 121.20217 

Sbas = 38.320184999999995, zdiff = 3.1775199999999995, stheta = 0.9953928521128385
Vbas = 121.20217 


Average Volume of PbI basket: 121.20217