
Sbas = 38.643275832600004, zdiff = 3.1777799999999985, stheta = 0.9946306313711247
Vbas = 122.14047 

Sbas = 38.643275832600004, zdiff = 3.1777750000000005, stheta = 0.9946306313711247
Vbas = 122.14028 


Average Volume of PbI basket: 122.14038