
Sbas = 37.98608000000001, zdiff = 3.25379411, stheta = 0.9882790591339128
Vbas = 122.15019 

Sbas = 37.98608000000001, zdiff = 3.2537941100000003, stheta = 0.9882790591339128
Vbas = 122.15019 


Average Volume of PbI basket: 122.15019