
Sbas = 33.95942878326389, zdiff = 3.25379411, stheta = 0.9882790591339128
Vbas = 109.20186 

Sbas = 33.95942878326389, zdiff = 3.2537941100000003, stheta = 0.9882790591339128
Vbas = 109.20186 


Average Volume of PbI basket: 109.20186