
Sbas = 35.931130577108696, zdiff = 3.1388299999999987, stheta = 0.9912088448844268
Vbas = 111.79023 

Sbas = 35.931130577108696, zdiff = 3.1388299999999987, stheta = 0.9912088448844268
Vbas = 111.79023 

Sbas = 35.931130577108696, zdiff = 3.1388300000000013, stheta = 0.9912088448844268
Vbas = 111.79023 

Sbas = 35.931130577108696, zdiff = 3.1388299999999996, stheta = 0.9912088448844268
Vbas = 111.79023 


Average Volume of PbI basket: 111.79023