
Sbas = 36.23108849766993, zdiff = 3.1473800000000054, stheta = 0.9908840111029702
Vbas = 112.99348 

Sbas = 36.23108849766993, zdiff = 3.1473849999999963, stheta = 0.9908840111029702
Vbas = 112.99366 

Sbas = 36.23108849766993, zdiff = 3.147385, stheta = 0.9908840111029702
Vbas = 112.99366 

Sbas = 36.23108849766993, zdiff = 3.14738, stheta = 0.9908840111029702
Vbas = 112.99348 


Average Volume of PbI basket: 112.99357