
Sbas = 40.19157122175, zdiff = 3.1388299999999987, stheta = 0.9912088448844268
Vbas = 125.04547 

Sbas = 40.19157122175, zdiff = 3.1388299999999987, stheta = 0.9912088448844268
Vbas = 125.04547 

Sbas = 40.19157122175, zdiff = 3.1388300000000013, stheta = 0.9912088448844268
Vbas = 125.04547 

Sbas = 40.19157122175, zdiff = 3.1388299999999996, stheta = 0.9912088448844268
Vbas = 125.04547 


Average Volume of PbI basket: 125.04547