
Sbas = 36.62145554248842, zdiff = 3.149940000000001, stheta = 0.9901315701563617
Vbas = 114.21701 

Sbas = 36.62145554248842, zdiff = 3.149940000000001, stheta = 0.9901315701563617
Vbas = 114.21701 

Sbas = 36.62145554248842, zdiff = 3.14994, stheta = 0.9901315701563617
Vbas = 114.21701 

Sbas = 36.62145554248842, zdiff = 3.1499399999999995, stheta = 0.9901315701563617
Vbas = 114.21701 


Average Volume of PbI basket: 114.21701