
Sbas = 34.444419074036006, zdiff = 3.2739373800000005, stheta = 0.9729531577897182
Vbas = 109.71883 

Sbas = 34.444419074036006, zdiff = 3.2739373799999996, stheta = 0.9729531577897182
Vbas = 109.71883 


Average Volume of PbI basket: 109.71883