
Sbas = 37.686191795, zdiff = 3.1911850000000044, stheta = 0.9971903655976401
Vbas = 119.92571 

Sbas = 37.686191795, zdiff = 3.210474999999999, stheta = 0.9971903655976401
Vbas = 120.65064 

Sbas = 37.686191795, zdiff = 3.1911850000000004, stheta = 0.9971903655976401
Vbas = 119.92571 

Sbas = 37.686191795, zdiff = 3.21047, stheta = 0.9971903655976401
Vbas = 120.65045 


Average Volume of PbI basket: 120.28813