
Sbas = 33.691329728540715, zdiff = 3.1911850000000044, stheta = 0.9971903655976401
Vbas = 107.21319 

Sbas = 33.691329728540715, zdiff = 3.210474999999999, stheta = 0.9971903655976401
Vbas = 107.86127 

Sbas = 33.691329728540715, zdiff = 3.1911850000000004, stheta = 0.9971903655976401
Vbas = 107.21319 

Sbas = 33.691329728540715, zdiff = 3.21047, stheta = 0.9971903655976401
Vbas = 107.86110 


Average Volume of PbI basket: 107.53719