
Sbas = 35.5636411333164, zdiff = 3.162219999999998, stheta = 1.0
Vbas = 112.46006 

Sbas = 35.5636411333164, zdiff = 3.1622199999999996, stheta = 1.0
Vbas = 112.46006 

Sbas = 35.5636411333164, zdiff = 3.1622199999999996, stheta = 1.0
Vbas = 112.46006 

Sbas = 35.5636411333164, zdiff = 3.16222, stheta = 1.0
Vbas = 112.46006 


Average Volume of PbI basket: 112.46006