
Sbas = 35.4296461151664, zdiff = 3.167270000000002, stheta = 1.0
Vbas = 112.21526 

Sbas = 35.4296461151664, zdiff = 3.1672700000000003, stheta = 1.0
Vbas = 112.21526 

Sbas = 35.4296461151664, zdiff = 3.1672700000000003, stheta = 1.0
Vbas = 112.21526 

Sbas = 35.4296461151664, zdiff = 3.16727, stheta = 1.0
Vbas = 112.21526 


Average Volume of PbI basket: 112.21526