
Sbas = 36.654934215625865, zdiff = 3.1728307600000027, stheta = 1.0
Vbas = 116.29990 

Sbas = 36.654934215625865, zdiff = 3.172830759999999, stheta = 1.0
Vbas = 116.29990 

Sbas = 36.654934215625865, zdiff = 3.172830759999999, stheta = 1.0
Vbas = 116.29990 

Sbas = 36.654934215625865, zdiff = 3.172830759999999, stheta = 1.0
Vbas = 116.29990 


Average Volume of PbI basket: 116.29990