
Sbas = 36.91419349391911, zdiff = 3.227126692000001, stheta = 0.9845245977142926
Vbas = 117.28324 

Sbas = 36.91419349391911, zdiff = 3.2271266919999997, stheta = 0.9845245977142926
Vbas = 117.28324 


Average Volume of PbI basket: 117.28324