
Sbas = 41.291198275, zdiff = 3.227126692000001, stheta = 0.9845245977142926
Vbas = 131.18980 

Sbas = 41.291198275, zdiff = 3.2271266919999997, stheta = 0.9845245977142926
Vbas = 131.18980 


Average Volume of PbI basket: 131.18980