
Sbas = 36.530820980657, zdiff = 3.1638195000000007, stheta = 1.0
Vbas = 115.57692 

Sbas = 36.530820980657, zdiff = 3.1638195000000007, stheta = 1.0
Vbas = 115.57692 

Sbas = 36.530820980657, zdiff = 3.1638195000000007, stheta = 1.0
Vbas = 115.57692 

Sbas = 36.530820980657, zdiff = 3.1638195000000007, stheta = 1.0
Vbas = 115.57692 


Average Volume of PbI basket: 115.57692